# Fix print output for fix 5
50000 12
50020 12
50040 12
50060 12
50080 12
50100 12
50120 12
50140 12
50160 12
50180 12
50200 12
50220 12
50240 12
50260 12
50280 12
50300 12
50320 12
50340 12
50360 12
50380 12
50400 12
50420 12
50440 12
50460 12
50480 12
50500 12
50520 12
50540 12
50560 12
50580 12
50600 12
50620 12
50640 12
50660 12
50680 12
50700 12
50720 12
50740 12
50760 12
50780 12
50800 12
50820 12
50840 12
50860 12
50880 12
50900 12
50920 12
50940 12
50960 12
50980 12
51000 12
51020 12
51040 12
51060 12
51080 12
51100 12
51120 12
51140 12
51160 12
51180 12
51200 12
51220 12
51240 12
51260 12
51280 12
51300 12
51320 12
51340 12
51360 12
51380 12
51400 12
51420 12
51440 12
51460 12
51480 12
51500 12
51520 12
51540 12
51560 12
51580 12
51600 12
51620 12
51640 12
51660 12
51680 12
51700 12
51720 12
51740 12
51760 12
51780 12
51800 12
51820 12
51840 12
51860 12
51880 12
51900 12
51920 12
51940 12
51960 12
51980 12
52000 12
52020 12
52040 12
52060 12
52080 12
52100 12
52120 12
52140 12
52160 12
52180 12
52200 12
52220 12
52240 12
52260 12
52280 12
52300 12
52320 12
52340 12
52360 12
52380 12
52400 12
52420 12
52440 12
52460 12
52480 12
52500 12
52520 12
52540 12
52560 12
52580 12
52600 12
52620 12
52640 12
52660 12
52680 12
52700 12
52720 12
52740 12
52760 12
52780 12
52800 12
52820 12
52840 12
52860 12
52880 12
52900 12
52920 12
52940 12
52960 12
52980 12
53000 12
53020 12
53040 12
53060 12
53080 12
53100 12
53120 12
53140 12
53160 12
53180 12
53200 12
53220 12
53240 12
53260 12
53280 12
53300 12
53320 12
53340 12
53360 12
53380 12
53400 12
53420 12
53440 12
53460 12
53480 12
53500 12
53520 12
53540 12
53560 12
53580 12
53600 12
53620 12
53640 12
53660 12
53680 12
53700 12
53720 12
53740 12
53760 12
53780 12
53800 12
53820 12
53840 12
53860 12
53880 12
53900 12
53920 12
53940 12
53960 12
53980 12
54000 12
54020 12
54040 12
54060 12
54080 12
54100 12
54120 12
54140 12
54160 12
54180 12
54200 12
54220 12
54240 12
54260 12
54280 12
54300 12
54320 12
54340 12
54360 12
54380 12
54400 12
54420 12
54440 12
54460 12
54480 12
54500 12
54520 12
54540 12
54560 12
54580 12
54600 12
54620 12
54640 12
54660 12
54680 12
54700 12
54720 12
54740 12
54760 12
54780 12
54800 12
54820 12
54840 12
54860 12
54880 12
54900 12
54920 12
54940 12
54960 12
54980 12
55000 12
55020 12
55040 12
55060 12
55080 12
55100 12
55120 12
55140 12
55160 12
55180 12
55200 12
55220 12
55240 12
55260 12
55280 12
55300 12
55320 12
55340 12
55360 12
55380 12
55400 12
55420 12
55440 12
55460 12
55480 12
55500 12
55520 12
55540 12
55560 12
55580 12
55600 12
55620 12
55640 12
55660 12
55680 12
55700 12
55720 12
55740 12
55760 12
55780 12
55800 12
55820 12
55840 12
55860 12
55880 12
55900 12
55920 12
55940 12
55960 12
55980 12
56000 12
56020 12
56040 12
56060 12
56080 12
56100 12
56120 12
56140 12
56160 12
56180 12
56200 12
56220 12
56240 12
56260 12
56280 12
56300 12
56320 12
56340 12
56360 12
56380 12
56400 12
56420 12
56440 12
56460 12
56480 12
56500 12
56520 12
56540 12
56560 12
56580 12
56600 12
56620 12
56640 12
56660 12
56680 12
56700 12
56720 12
56740 12
56760 12
56780 12
56800 12
56820 12
56840 12
56860 12
56880 12
56900 12
56920 12
56940 12
56960 12
56980 12
57000 12
57020 12
57040 12
57060 12
57080 12
57100 12
57120 12
57140 12
57160 12
57180 12
57200 12
57220 12
57240 12
57260 12
57280 12
57300 12
57320 12
57340 12
57360 12
57380 12
57400 12
57420 12
57440 12
57460 12
57480 12
57500 12
57520 12
57540 12
57560 12
57580 12
57600 12
57620 12
57640 12
57660 12
57680 12
57700 12
57720 12
57740 12
57760 12
57780 12
57800 12
57820 12
57840 12
57860 12
57880 12
57900 12
57920 12
57940 12
57960 12
57980 12
58000 12
58020 12
58040 12
58060 12
58080 12
58100 12
58120 12
58140 12
58160 12
58180 12
58200 12
58220 12
58240 12
58260 12
58280 12
58300 12
58320 12
58340 12
58360 12
58380 12
58400 12
58420 12
58440 12
58460 12
58480 12
58500 12
58520 12
58540 12
58560 12
58580 12
58600 12
58620 12
58640 12
58660 12
58680 12
58700 12
58720 12
58740 12
58760 12
58780 12
58800 12
58820 12
58840 12
58860 12
58880 12
58900 12
58920 12
58940 12
58960 12
58980 12
59000 12
59020 12
59040 12
59060 12
59080 12
59100 12
59120 12
59140 12
59160 12
59180 12
59200 12
59220 12
59240 12
59260 12
59280 12
59300 12
59320 12
59340 12
59360 12
59380 12
59400 12
59420 12
59440 12
59460 12
59480 12
59500 12
59520 12
59540 12
59560 12
59580 12
59600 12
59620 12
59640 12
59660 12
59680 12
59700 12
59720 12
59740 12
59760 12
59780 12
59800 12
59820 12
59840 12
59860 12
59880 12
59900 12
59920 12
59940 12
59960 12
59980 8
60000 8
60020 8
60040 8
60060 8
60080 8
60100 8
60120 8
60140 8
60160 8
60180 8
60200 8
60220 8
60240 8
60260 8
60280 8
60300 8
60320 8
60340 8
60360 8
60380 8
60400 8
60420 8
60440 8
60460 8
60480 8
60500 8
60520 8
60540 8
60560 8
60580 8
60600 8
60620 8
60640 8
60660 8
60680 8
60700 8
60720 8
60740 8
60760 8
60780 8
60800 8
60820 8
60840 8
60860 8
60880 8
60900 8
60920 8
60940 8
60960 8
60980 8
61000 8
61020 8
61040 8
61060 8
61080 8
61100 8
61120 8
61140 8
61160 8
61180 8
61200 8
61220 8
61240 8
61260 8
61280 8
61300 8
61320 8
61340 8
61360 8
61380 8
61400 8
61420 8
61440 8
61460 8
61480 8
61500 8
61520 8
61540 8
61560 8
61580 8
61600 8
61620 8
61640 8
61660 8
61680 8
61700 8
61720 8
61740 8
61760 8
61780 8
61800 8
61820 8
61840 8
61860 8
61880 8
61900 8
61920 8
61940 8
61960 8
61980 8
62000 8
62020 8
62040 8
62060 8
62080 8
62100 8
62120 8
62140 8
62160 8
62180 8
62200 8
62220 8
62240 8
62260 8
62280 8
62300 8
62320 8
62340 8
62360 8
62380 8
62400 8
62420 8
62440 8
62460 8
62480 8
62500 8
62520 8
62540 8
62560 8
62580 8
62600 8
62620 8
62640 8
62660 8
62680 8
62700 8
62720 8
62740 8
62760 8
62780 8
62800 8
62820 8
62840 8
62860 8
62880 8
62900 8
62920 8
62940 8
62960 8
62980 8
63000 8
63020 8
63040 8
63060 8
63080 8
63100 8
63120 8
63140 8
63160 8
63180 8
63200 8
63220 8
63240 8
63260 8
63280 8
63300 8
63320 8
63340 8
63360 8
63380 8
63400 8
63420 8
63440 8
63460 8
63480 8
63500 8
63520 8
63540 8
63560 8
63580 8
63600 8
63620 8
63640 8
63660 8
63680 8
63700 8
63720 8
63740 8
63760 8
63780 8
63800 8
63820 8
63840 8
63860 8
63880 8
63900 8
63920 8
63940 8
63960 8
63980 8
64000 8
64020 8
64040 8
64060 8
64080 8
64100 8
64120 8
64140 8
64160 8
64180 8
64200 8
64220 8
64240 8
64260 8
64280 8
64300 8
64320 8
64340 8
64360 8
64380 8
64400 8
64420 8
64440 8
64460 8
64480 8
64500 8
64520 8
64540 8
64560 8
64580 8
64600 8
64620 8
64640 8
64660 8
64680 8
64700 8
64720 8
64740 8
64760 8
64780 8
64800 8
64820 8
64840 8
64860 8
64880 8
64900 8
64920 8
64940 8
64960 8
64980 8
65000 8
65020 8
65040 8
65060 8
65080 8
65100 8
65120 8
65140 8
65160 8
65180 8
65200 8
65220 8
65240 8
65260 8
65280 8
65300 8
65320 8
65340 8
65360 8
65380 8
65400 8
65420 8
65440 8
65460 8
65480 8
65500 8
65520 8
65540 8
65560 8
65580 8
65600 8
65620 8
65640 8
65660 8
65680 8
65700 8
65720 8
65740 8
65760 8
65780 8
65800 8
65820 8
65840 8
65860 8
65880 8
65900 8
65920 8
65940 8
65960 8
65980 8
66000 8
66020 8
66040 8
66060 8
66080 8
66100 8
66120 8
66140 8
66160 8
66180 8
66200 8
66220 8
66240 8
66260 8
66280 8
66300 8
66320 8
66340 8
66360 8
66380 8
66400 8
66420 8
66440 8
66460 8
66480 8
66500 8
66520 8
66540 8
66560 8
66580 8
66600 8
66620 8
66640 8
66660 8
66680 8
66700 8
66720 8
66740 8
66760 8
66780 8
66800 8
66820 8
66840 8
66860 8
66880 8
66900 8
66920 8
66940 8
66960 8
66980 8
67000 8
67020 8
67040 8
67060 8
67080 8
67100 8
67120 8
67140 8
67160 8
67180 8
67200 8
67220 8
67240 8
67260 8
67280 8
67300 8
67320 8
67340 8
67360 8
67380 8
67400 8
67420 8
67440 8
67460 8
67480 8
67500 8
67520 8
67540 8
67560 8
67580 8
67600 8
67620 8
67640 8
67660 8
67680 8
67700 8
67720 8
67740 8
67760 8
67780 8
67800 8
67820 8
67840 8
67860 8
67880 8
67900 8
67920 8
67940 8
67960 8
67980 8
68000 8
68020 8
68040 8
68060 8
68080 8
68100 8
68120 8
68140 8
68160 8
68180 8
68200 8
68220 8
68240 8
68260 8
68280 8
68300 8
68320 8
68340 8
68360 8
68380 8
68400 8
68420 8
68440 8
68460 8
68480 8
68500 8
68520 8
68540 8
68560 8
68580 8
68600 8
68620 8
68640 8
68660 8
68680 8
68700 8
68720 8
68740 8
68760 8
68780 8
68800 8
68820 8
68840 8
68860 8
68880 8
68900 8
68920 8
68940 8
68960 8
68980 8
69000 8
69020 8
69040 8
69060 8
69080 8
69100 8
69120 8
69140 8
69160 8
69180 8
69200 8
69220 8
69240 8
69260 8
69280 8
69300 8
69320 8
69340 8
69360 8
69380 8
69400 8
69420 8
69440 8
69460 8
69480 8
69500 8
69520 8
69540 8
69560 8
69580 8
69600 8
69620 8
69640 8
69660 8
69680 8
69700 8
69720 8
69740 8
69760 8
69780 8
69800 8
69820 8
69840 8
69860 8
69880 8
69900 8
69920 8
69940 8
69960 8
69980 8
70000 8
